384
28.6603 10.0000 0.0000 0.9615 0.2747 0.0000 0.0000 0.0000
28.4119 10.0000 3.7395 0.9538 0.2725 0.1267 0.0000 0.2500
27.6779 10.0000 7.4163 0.9311 0.2660 0.2495 0.0000 0.5000
26.4752 10.0000 10.9674 0.8937 0.2553 0.3690 0.0000 0.7500
24.8205 10.0000 14.3301 0.8407 0.2402 0.4854 0.0000 1.0000
22.7356 10.0000 17.4445 0.7731 0.2209 0.5946 0.0000 1.2500
20.2616 10.0000 20.2616 0.6931 0.1980 0.6931 0.0000 1.5000
17.4445 10.0000 22.7356 0.6006 0.1716 0.7809 0.0000 1.7500
14.3301 10.0000 24.8205 0.4950 0.1414 0.8573 0.0000 2.0000
10.9674 10.0000 26.4752 0.3794 0.1084 0.9189 0.0000 2.2500
7.4163 10.0000 27.6779 0.2581 0.0737 0.9633 0.0000 2.5000
3.7395 10.0000 28.4119 0.1316 0.0376 0.9906 0.0000 2.7500
0.0000 10.0000 28.6603 -0.0000 -0.0000 1.0000 0.0000 3.0000
-3.7395 10.0000 28.4119 -0.1316 -0.0376 0.9906 0.0000 3.2500
-7.4163 10.0000 27.6779 -0.2581 -0.0737 0.9633 0.0000 3.5000
-10.9674 10.0000 26.4752 -0.3794 -0.1084 0.9189 0.0000 3.7500
-14.3301 10.0000 24.8205 -0.4950 -0.1414 0.8573 0.0000 4.0000
-17.4445 10.0000 22.7356 -0.6006 -0.1716 0.7809 0.0000 4.2500
-20.2616 10.0000 20.2616 -0.6931 -0.1980 0.6931 0.0000 4.5000
-22.7356 10.0000 17.4445 -0.7731 -0.2209 0.5946 0.0000 4.7500
-24.8205 10.0000 14.3301 -0.8407 -0.2402 0.4854 0.0000 5.0000
-26.4752 10.0000 10.9674 -0.8937 -0.2553 0.3690 0.0000 5.2500
-27.6779 10.0000 7.4163 -0.9311 -0.2660 0.2495 0.0000 5.5000
-28.4119 10.0000 3.7395 -0.9538 -0.2725 0.1267 0.0000 5.7500
-28.6603 10.0000 0.0000 -0.9615 -0.2747 -0.0000 0.0000 6.0000
-28.4119 10.0000 -3.7395 -0.9538 -0.2725 -0.1267 0.0000 6.2500
-27.6779 10.0000 -7.4163 -0.9311 -0.2660 -0.2495 0.0000 6.5000
-26.4752 10.0000 -10.9674 -0.8937 -0.2553 -0.3690 0.0000 6.7500
-24.8205 10.0000 -14.3301 -0.8407 -0.2402 -0.4854 0.0000 7.0000
-22.7356 10.0000 -17.4445 -0.7731 -0.2209 -0.5946 0.0000 7.2500
-20.2616 10.0000 -20.2616 -0.6931 -0.1980 -0.6931 0.0000 7.5000
-17.4445 10.0000 -22.7356 -0.6006 -0.1716 -0.7809 0.0000 7.7500
-14.3301 10.0000 -24.8205 -0.4950 -0.1414 -0.8573 0.0000 8.0000
-10.9674 10.0000 -26.4752 -0.3794 -0.1084 -0.9189 0.0000 8.2500
-7.4163 10.0000 -27.6779 -0.2581 -0.0737 -0.9633 0.0000 8.5000
-3.7395 10.0000 -28.4119 -0.1316 -0.0376 -0.9906 0.0000 8.7500
-0.0000 10.0000 -28.6603 0.0000 0.0000 -1.0000 0.0000 9.0000
3.7395 10.0000 -28.4119 0.1316 0.0376 -0.9906 0.0000 9.2500
7.4163 10.0000 -27.6779 0.2581 0.0737 -0.9633 0.0000 9.5000
10.9674 10.0000 -26.4752 0.3794 0.1084 -0.9189 0.0000 9.7500
14.3301 10.0000 -24.8205 0.4950 0.1414 -0.8573 0.0000 10.0000
17.4445 10.0000 -22.7356 0.6006 0.1716 -0.7809 0.0000 10.2500
20.2616 10.0000 -20.2616 0.6931 0.1980 -0.6931 0.0000 10.5000
22.7356 10.0000 -17.4445 0.7731 0.2209 -0.5946 0.0000 10.7500
24.8205 10.0000 -14.3301 0.8407 0.2402 -0.4854 0.0000 11.0000
26.4752 10.0000 -10.9674 0.8937 0.2553 -0.3690 0.0000 11.2500
27.6779 10.0000 -7.4163 0.9311 0.2660 -0.2495 0.0000 11.5000
28.4119 10.0000 -3.7395 0.9538 0.2725 -0.1267 0.0000 11.7500
23.6354 27.5000 0.0000 0.9604 0.2785 0.0000 0.2500 0.0000
23.3872 27.5000 3.7363 0.9527 0.2763 0.1266 0.2500 0.2500
22.6539 27.5000 7.4098 0.9301 0.2698 0.2492 0.2500 0.5000
21.4522 27.5000 10.9579 0.8927 0.2592 0.3686 0.2500 0.7500
19.7990 27.5000 14.3177 0.8398 0.2441 0.4849 0.2500 1.0000
17.7159 27.5000 17.4293 0.7723 0.2248 0.5941 0.2500 1.2500
15.2440 27.5000 20.2440 0.6925 0.2020 0.6925 0.2500 1.5000
12.4293 27.5000 22.7159 0.6002 0.1757 0.7803 0.2500 1.7500
9.3177 27.5000 24.7990 0.4947 0.1456 0.8568 0.2500 2.0000
5.9579 27.5000 26.4522 0.3792 0.1126 0.9185 0.2500 2.2500
2.4098 27.5000 27.6539 0.2580 0.0780 0.9630 0.2500 2.5000
-1.2637 27.5000 28.3872 0.1316 0.0419 0.9904 0.2500 2.7500
-5.0000 27.5000 28.6354 -0.0000 0.0043 1.0000 0.2500 3.0000
-8.7363 27.5000 28.3872 -0.1316 -0.0333 0.9907 0.2500 3.2500
-12.4098 27.5000 27.6539 -0.2582 -0.0695 0.9636 0.2500 3.5000
-15.9579 27.5000 26.4522 -0.3795 -0.1042 0.9193 0.2500 3.7500
-19.3177 27.5000 24.7990 -0.4953 -0.1373 0.8578 0.2500 4.0000
-22.4293 27.5000 22.7159 -0.6011 -0.1675 0.7814 0.2500 4.2500
-25.2440 27.5000 20.2440 -0.6937 -0.1940 0.6937 0.2500 4.5000
-27.7159 27.5000 17.4293 -0.7738 -0.2169 0.5952 0.2500 4.7500
-29.7990 27.5000 14.3177 -0.8415 -0.2363 0.4858 0.2500 5.0000
-31.4522 27.5000 10.9579 -0.8946 -0.2515 0.3693 0.2500 5.2500
-32.6539 27.5000 7.4098 -0.9321 -0.2622 0.2498 0.2500 5.5000
-33.3872 27.5000 3.7363 -0.9548 -0.2687 0.1268 0.2500 5.7500
-33.6354 27.5000 0.0000 -0.9626 -0.2709 -0.0000 0.2500 6.0000
-33.3872 27.5000 -3.7363 -0.9548 -0.2687 -0.1268 0.2500 6.2500
-32.6539 27.5000 -7.4098 -0.9321 -0.2622 -0.2498 0.2500 6.5000
-31.4522 27.5000 -10.9579 -0.8946 -0.2515 -0.3693 0.2500 6.7500
-29.7990 27.5000 -14.3177 -0.8415 -0.2363 -0.4858 0.2500 7.0000
-27.7159 27.5000 -17.4293 -0.7738 -0.2169 -0.5952 0.2500 7.2500
-25.2440 27.5000 -20.2440 -0.6937 -0.1940 -0.6937 0.2500 7.5000
-22.4293 27.5000 -22.7159 -0.6011 -0.1675 -0.7814 0.2500 7.7500
-19.3177 27.5000 -24.7990 -0.4953 -0.1373 -0.8578 0.2500 8.0000
-15.9579 27.5000 -26.4522 -0.3795 -0.1042 -0.9193 0.2500 8.2500
-12.4098 27.5000 -27.6539 -0.2582 -0.0695 -0.9636 0.2500 8.5000
-8.7363 27.5000 -28.3872 -0.1316 -0.0333 -0.9907 0.2500 8.7500
-5.0000 27.5000 -28.6354 0.0000 0.0043 -1.0000 0.2500 9.0000
-1.2637 27.5000 -28.3872 0.1316 0.0419 -0.9904 0.2500 9.2500
2.4098 27.5000 -27.6539 0.2580 0.0780 -0.9630 0.2500 9.5000
5.9579 27.5000 -26.4522 0.3792 0.1126 -0.9185 0.2500 9.7500
9.3177 27.5000 -24.7990 0.4947 0.1456 -0.8568 0.2500 10.0000
12.4293 27.5000 -22.7159 0.6002 0.1757 -0.7803 0.2500 10.2500
15.2440 27.5000 -20.2440 0.6925 0.2020 -0.6925 0.2500 10.5000
17.7159 27.5000 -17.4293 0.7723 0.2248 -0.5941 0.2500 10.7500
19.7990 27.5000 -14.3177 0.8398 0.2441 -0.4849 0.2500 11.0000
21.4522 27.5000 -10.9579 0.8927 0.2592 -0.3686 0.2500 11.2500
22.6539 27.5000 -7.4098 0.9301 0.2698 -0.2492 0.2500 11.5000
23.3872 27.5000 -3.7363 0.9527 0.2763 -0.1266 0.2500 11.7500
18.4612 45.0000 0.0000 0.9571 0.2898 0.0000 0.5000 0.0000
18.2146 45.0000 3.7136 0.9494 0.2876 0.1261 0.5000 0.2500
17.4857 45.0000 7.3648 0.9269 0.2812 0.2484 0.5000 0.5000
16.2913 45.0000 10.8912 0.8898 0.2707 0.3674 0.5000 0.7500
14.6481 45.0000 14.2306 0.8372 0.2557 0.4834 0.5000 1.0000
12.5777 45.0000 17.3233 0.7701 0.2366 0.5924 0.5000 1.2500
10.1209 45.0000 20.1209 0.6907 0.2140 0.6907 0.5000 1.5000
7.3233 45.0000 22.5777 0.5988 0.1878 0.7785 0.5000 1.7500
4.2306 45.0000 24.6481 0.4937 0.1579 0.8552 0.5000 2.0000
0.8912 45.0000 26.2913 0.3786 0.1251 0.9171 0.5000 2.2500
-2.6352 45.0000 27.4857 0.2578 0.0906 0.9620 0.5000 2.5000
-6.2864 45.0000 28.2146 0.1315 0.0546 0.9898 0.5000 2.7500
-10.0000 45.0000 28.4612 -0.0000 0.0171 0.9999 0.5000 3.0000
-13.7136 45.0000 28.2146 -0.1317 -0.0206 0.9911 0.5000 3.2500
-17.3648 45.0000 27.4857 -0.2584 -0.0568 0.9644 0.5000 3.5000
-20.8912 45.0000 26.2913 -0.3800 -0.0916 0.9204 0.5000 3.7500
-24.2306 45.0000 24.6481 -0.4961 -0.1248 0.8593 0.5000 4.0000
-27.3233 45.0000 22.5777 -0.6023 -0.1552 0.7830 0.5000 4.2500
-30.1209 45.0000 20.1209 -0.6953 -0.1819 0.6953 0.5000 4.5000
-32.5777 45.0000 17.3233 -0.7758 -0.2050 0.5967 0.5000 4.7500
-34.6481 45.0000 14.2306 -0.8439 -0.2245 0.4872 0.5000 5.0000
-36.2913 45.0000 10.8912 -0.8974 -0.2398 0.3705 0.5000 5.2500
-37.4857 45.0000 7.3648 -0.9351 -0.2507 0.2506 0.5000 5.5000
-38.2146 45.0000 3.7136 -0.9579 -0.2572 0.1273 0.5000 5.7500
-38.4612 45.0000 0.0000 -0.9658 -0.2595 -0.0000 0.5000 6.0000
-38.2146 45.0000 -3.7136 -0.9579 -0.2572 -0.1273 0.5000 6.2500
-37.4857 45.0000 -7.3648 -0.9351 -0.2507 -0.2506 0.5000 6.5000
-36.2913 45.0000 -10.8912 -0.8974 -0.2398 -0.3705 0.5000 6.7500
-34.6481 45.0000 -14.2306 -0.8439 -0.2245 -0.4872 0.5000 7.0000
-32.5777 45.0000 -17.3233 -0.7758 -0.2050 -0.5967 0.5000 7.2500
-30.1209 45.0000 -20.1209 -0.6953 -0.1819 -0.6953 0.5000 7.5000
-27.3233 45.0000 -22.5777 -0.6023 -0.1552 -0.7830 0.5000 7.7500
-24.2306 45.0000 -24.6481 -0.4961 -0.1248 -0.8593 0.5000 8.0000
-20.8912 45.0000 -26.2913 -0.3800 -0.0916 -0.9204 0.5000 8.2500
-17.3648 45.0000 -27.4857 -0.2584 -0.0568 -0.9644 0.5000 8.5000
-13.7136 45.0000 -28.2146 -0.1317 -0.0206 -0.9911 0.5000 8.7500
-10.0000 45.0000 -28.4612 0.0000 0.0171 -0.9999 0.5000 9.0000
-6.2864 45.0000 -28.2146 0.1315 0.0546 -0.9898 0.5000 9.2500
-2.6352 45.0000 -27.4857 0.2578 0.0906 -0.9619 0.5000 9.5000
0.8912 45.0000 -26.2913 0.3786 0.1251 -0.9171 0.5000 9.7500
4.2306 45.0000 -24.6481 0.4937 0.1579 -0.8552 0.5000 10.0000
7.3233 45.0000 -22.5777 0.5988 0.1879 -0.7785 0.5000 10.2500
10.1209 45.0000 -20.1209 0.6907 0.2140 -0.6907 0.5000 10.5000
12.5777 45.0000 -17.3233 0.7701 0.2366 -0.5924 0.5000 10.7500
14.6481 45.0000 -14.2306 0.8372 0.2557 -0.4834 0.5000 11.0000
16.2913 45.0000 -10.8912 0.8898 0.2707 -0.3674 0.5000 11.2500
17.4857 45.0000 -7.3648 0.9269 0.2812 -0.2484 0.5000 11.5000
18.2146 45.0000 -3.7136 0.9494 0.2876 -0.1261 0.5000 11.7500
12.9885 62.5000 0.0000 0.9513 0.3083 0.0000 0.7500 0.0000
12.7460 62.5000 3.6519 0.9437 0.3062 0.1254 0.7500 0.2500
12.0292 62.5000 7.2424 0.9215 0.2999 0.2469 0.7500 0.5000
10.8546 62.5000 10.7103 0.8847 0.2895 0.3653 0.7500 0.7500
9.2388 62.5000 13.9943 0.8327 0.2748 0.4808 0.7500 1.0000
7.2028 62.5000 17.0356 0.7662 0.2560 0.5894 0.7500 1.2500
4.7867 62.5000 19.7867 0.6875 0.2337 0.6875 0.7500 1.5000
2.0356 62.5000 22.2028 0.5964 0.2079 0.7753 0.7500 1.7500
-1.0057 62.5000 24.2388 0.4920 0.1783 0.8521 0.7500 2.0000
-4.2897 62.5000 25.8546 0.3775 0.1458 0.9144 0.7500 2.2500
-7.7576 62.5000 27.0292 0.2572 0.1116 0.9599 0.7500 2.5000
-11.3481 62.5000 27.7460 0.1313 0.0758 0.9884 0.7500 2.7500
-15.0000 62.5000 27.9885 -0.0000 0.0384 0.9993 0.7500 3.0000
-18.6519 62.5000 27.7460 -0.1317 0.0008 0.9913 0.7500 3.2500
-22.2424 62.5000 27.0292 -0.2587 -0.0355 0.9653 0.7500 3.5000
-25.7103 62.5000 25.8546 -0.3807 -0.0705 0.9220 0.7500 3.7500
-28.9943 62.5000 24.2388 -0.4973 -0.1039 0.8613 0.7500 4.0000
-32.0356 62.5000 22.2028 -0.6041 -0.1346 0.7854 0.7500 4.2500
-34.7867 62.5000 19.7867 -0.6978 -0.1615 0.6978 0.7500 4.5000
-37.2028 62.5000 17.0356 -0.7790 -0.1848 0.5992 0.7500 4.7500
-39.2388 62.5000 13.9943 -0.8477 -0.2046 0.4894 0.7500 5.0000
-40.8546 62.5000 10.7103 -0.9016 -0.2202 0.3722 0.7500 5.2500
-42.0292 62.5000 7.2424 -0.9398 -0.2312 0.2518 0.7500 5.5000
-42.7460 62.5000 3.6519 -0.9629 -0.2378 0.1279 0.7500 5.7500
-42.9885 62.5000 0.0000 -0.9707 -0.2401 -0.0000 0.7500 6.0000
-42.7460 62.5000 -3.6519 -0.9628 -0.2378 -0.1279 0.7500 6.2500
-42.0292 62.5000 -7.2424 -0.9398 -0.2312 -0.2518 0.7500 6.5000
-40.8546 62.5000 -10.7103 -0.9016 -0.2202 -0.3722 0.7500 6.7500
-39.2388 62.5000 -13.9943 -0.8477 -0.2046 -0.4894 0.7500 7.0000
-37.2028 62.5000 -17.0356 -0.7790 -0.1848 -0.5992 0.7500 7.2500
-34.7867 62.5000 -19.7867 -0.6978 -0.1615 -0.6978 0.7500 7.5000
-32.0356 62.5000 -22.2028 -0.6041 -0.1346 -0.7854 0.7500 7.7500
-28.9943 62.5000 -24.2388 -0.4973 -0.1039 -0.8613 0.7500 8.0000
-25.7103 62.5000 -25.8546 -0.3807 -0.0705 -0.9220 0.7500 8.2500
-22.2424 62.5000 -27.0292 -0.2587 -0.0355 -0.9653 0.7500 8.5000
-18.6519 62.5000 -27.7460 -0.1317 0.0008 -0.9913 0.7500 8.7500
-15.0000 62.5000 -27.9885 0.0000 0.0384 -0.9993 0.7500 9.0000
-11.3481 62.5000 -27.7460 0.1313 0.0758 -0.9884 0.7500 9.2500
-7.7576 62.5000 -27.0292 0.2572 0.1116 -0.9599 0.7500 9.5000
-4.2897 62.5000 -25.8546 0.3775 0.1458 -0.9144 0.7500 9.7500
-1.0057 62.5000 -24.2388 0.4920 0.1783 -0.8521 0.7500 10.0000
2.0356 62.5000 -22.2028 0.5964 0.2079 -0.7753 0.7500 10.2500
4.7867 62.5000 -19.7867 0.6875 0.2337 -0.6875 0.7500 10.5000
7.2028 62.5000 -17.0356 0.7662 0.2560 -0.5894 0.7500 10.7500
9.2388 62.5000 -13.9943 0.8327 0.2748 -0.4807 0.7500 11.0000
10.8546 62.5000 -10.7103 0.8847 0.2895 -0.3653 0.7500 11.2500
12.0292 62.5000 -7.2424 0.9215 0.2999 -0.2469 0.7500 11.5000
12.7460 62.5000 -3.6519 0.9437 0.3062 -0.1254 0.7500 11.7500
7.0680 80.0000 0.0000 0.9427 0.3337 0.0000 1.0000 0.0000
6.8334 80.0000 3.5318 0.9352 0.3316 0.1242 1.0000 0.2500
6.1402 80.0000 7.0043 0.9133 0.3255 0.2447 1.0000 0.5000
5.0043 80.0000 10.3581 0.8772 0.3154 0.3621 1.0000 0.7500
3.4416 80.0000 13.5340 0.8259 0.3010 0.4768 1.0000 1.0000
1.4725 80.0000 16.4753 0.7603 0.2827 0.5848 1.0000 1.2500
-0.8640 80.0000 19.1360 0.6826 0.2609 0.6826 1.0000 1.5000
-3.5247 80.0000 21.4725 0.5925 0.2356 0.7703 1.0000 1.7500
-6.4660 80.0000 23.4416 0.4892 0.2065 0.8474 1.0000 2.0000
-9.6419 80.0000 25.0043 0.3757 0.1745 0.9101 1.0000 2.2500
-12.9957 80.0000 26.1402 0.2562 0.1408 0.9563 1.0000 2.5000
-16.4682 80.0000 26.8334 0.1310 0.1053 0.9858 1.0000 2.7500
-20.0000 80.0000 27.0680 -0.0000 0.0681 0.9977 1.0000 3.0000
-23.5318 80.0000 26.8334 -0.1316 0.0306 0.9908 1.0000 3.2500
-27.0043 80.0000 26.1402 -0.2588 -0.0057 0.9659 1.0000 3.5000
-30.3581 80.0000 25.0043 -0.3813 -0.0408 0.9236 1.0000 3.7500
-33.5340 80.0000 23.4416 -0.4986 -0.0744 0.8636 1.0000 4.0000
-36.4753 80.0000 21.4725 -0.6063 -0.1054 0.7882 1.0000 4.2500
-39.1360 80.0000 19.1360 -0.7009 -0.1326 0.7009 1.0000 4.5000
-41.4725 80.0000 16.4753 -0.7829 -0.1563 0.6022 1.0000 4.7500
-43.4416 80.0000 13.5340 -0.8524 -0.1764 0.4922 1.0000 5.0000
-45.0043 80.0000 10.3581 -0.9071 -0.1922 0.3745 1.0000 5.2500
-46.1402 80.0000 7.0043 -0.9457 -0.2034 0.2534 1.0000 5.5000
-46.8334 80.0000 3.5318 -0.9691 -0.2102 0.1287 1.0000 5.7500
-47.0680 80.0000 0.0000 -0.9772 -0.2125 -0.0000 1.0000 6.0000
-46.8334 80.0000 -3.5318 -0.9691 -0.2102 -0.1287 1.0000 6.2500
-46.1402 80.0000 -7.0043 -0.9457 -0.2034 -0.2534 1.0000 6.5000
-45.0043 80.0000 -10.3581 -0.9071 -0.1922 -0.3745 1.0000 6.7500
-43.4416 80.0000 -13.5340 -0.8524 -0.1764 -0.4922 1.0000 7.0000
-41.4725 80.0000 -16.4753 -0.7829 -0.1563 -0.6022 1.0000 7.2500
-39.1360 80.0000 -19.1360 -0.7009 -0.1326 -0.7009 1.0000 7.5000
-36.4753 80.0000 -21.4725 -0.6063 -0.1054 -0.7882 1.0000 7.7500
-33.5340 80.0000 -23.4416 -0.4986 -0.0744 -0.8636 1.0000 8.0000
-30.3581 80.0000 -25.0043 -0.3813 -0.0408 -0.9236 1.0000 8.2500
-27.0043 80.0000 -26.1402 -0.2588 -0.0057 -0.9659 1.0000 8.5000
-23.5318 80.0000 -26.8334 -0.1316 0.0306 -0.9908 1.0000 8.7500
-20.0000 80.0000 -27.0680 0.0000 0.0681 -0.9977 1.0000 9.0000
-16.4682 80.0000 -26.8334 0.1310 0.1053 -0.9858 1.0000 9.2500
-12.9957 80.0000 -26.1402 0.2562 0.1408 -0.9563 1.0000 9.5000
-9.6419 80.0000 -25.0043 0.3757 0.1745 -0.9101 1.0000 9.7500
-6.4660 80.0000 -23.4416 0.4892 0.2065 -0.8474 1.0000 10.0000
-3.5247 80.0000 -21.4725 0.5925 0.2356 -0.7703 1.0000 10.2500
-0.8640 80.0000 -19.1360 0.6826 0.2609 -0.6826 1.0000 10.5000
1.4725 80.0000 -16.4753 0.7603 0.2827 -0.5848 1.0000 10.7500
3.4416 80.0000 -13.5340 0.8259 0.3010 -0.4768 1.0000 11.0000
5.0043 80.0000 -10.3581 0.8772 0.3154 -0.3621 1.0000 11.2500
6.1402 80.0000 -7.0043 0.9133 0.3255 -0.2447 1.0000 11.5000
6.8334 80.0000 -3.5318 0.9352 0.3316 -0.1242 1.0000 11.7500
0.6002 97.5521 0.0000 0.9347 0.3556 0.0000 1.2500 0.0000
0.3783 97.5521 3.3403 0.9273 0.3535 0.1232 1.2500 0.2500
-0.2773 97.5521 6.6244 0.9057 0.3476 0.2427 1.2500 0.5000
-1.3516 97.5521 9.7964 0.8700 0.3379 0.3592 1.2500 0.7500
-2.8296 97.5521 12.8001 0.8193 0.3240 0.4730 1.2500 1.0000
-4.6919 97.5521 15.5819 0.7546 0.3062 0.5804 1.2500 1.2500
-6.9017 97.5521 18.0983 0.6778 0.2851 0.6778 1.2500 1.5000
-9.4181 97.5521 20.3081 0.5886 0.2605 0.7653 1.2500 1.7500
-12.1999 97.5521 22.1704 0.4863 0.2323 0.8423 1.2500 2.0000
-15.2036 97.5521 23.6484 0.3738 0.2011 0.9054 1.2500 2.2500
-18.3756 97.5521 24.7227 0.2551 0.1681 0.9522 1.2500 2.5000
-21.6597 97.5521 25.3783 0.1305 0.1333 0.9824 1.2500 2.7500
-25.0000 97.5521 25.6002 -0.0000 0.0968 0.9953 1.2500 3.0000
-28.3403 97.5521 25.3783 -0.1315 0.0598 0.9895 1.2500 3.2500
-31.6244 97.5521 24.7227 -0.2587 0.0239 0.9656 1.2500 3.5000
-34.7964 97.5521 23.6484 -0.3816 -0.0109 0.9243 1.2500 3.7500
-37.8001 97.5521 22.1704 -0.4995 -0.0443 0.8652 1.2500 4.0000
-40.5819 97.5521 20.3081 -0.6080 -0.0752 0.7904 1.2500 4.2500
-43.0983 97.5521 18.0983 -0.7034 -0.1025 0.7034 1.2500 4.5000
-45.3081 97.5521 15.5819 -0.7863 -0.1262 0.6048 1.2500 4.7500
-47.1704 97.5521 12.8001 -0.8567 -0.1464 0.4946 1.2500 5.0000
-48.6484 97.5521 9.7964 -0.9121 -0.1624 0.3765 1.2500 5.2500
-49.7227 97.5521 6.6244 -0.9513 -0.1737 0.2549 1.2500 5.5000
-50.3783 97.5521 3.3403 -0.9750 -0.1805 0.1295 1.2500 5.7500
-50.6002 97.5521 0.0000 -0.9831 -0.1828 -0.0000 1.2500 6.0000
-50.3783 97.5521 -3.3403 -0.9750 -0.1805 -0.1295 1.2500 6.2500
-49.7227 97.5521 -6.6244 -0.9512 -0.1737 -0.2549 1.2500 6.5000
-48.6484 97.5521 -9.7964 -0.9121 -0.1624 -0.3765 1.2500 6.7500
-47.1704 97.5521 -12.8001 -0.8567 -0.1464 -0.4946 1.2500 7.0000
-45.3081 97.5521 -15.5819 -0.7863 -0.1262 -0.6048 1.2500 7.2500
-43.0983 97.5521 -18.0983 -0.7034 -0.1025 -0.7034 1.2500 7.5000
-40.5819 97.5521 -20.3081 -0.6080 -0.0752 -0.7904 1.2500 7.7500
-37.8001 97.5521 -22.1704 -0.4995 -0.0443 -0.8652 1.2500 8.0000
-34.7964 97.5521 -23.6484 -0.3816 -0.0108 -0.9243 1.2500 8.2500
-31.6244 97.5521 -24.7227 -0.2587 0.0239 -0.9657 1.2500 8.5000
-28.3403 97.5521 -25.3783 -0.1314 0.0598 -0.9895 1.2500 8.7500
-25.0000 97.5521 -25.6002 0.0000 0.0968 -0.9953 1.2500 9.0000
-21.6597 97.5521 -25.3783 0.1305 0.1333 -0.9824 1.2500 9.2500
-18.3756 97.5521 -24.7227 0.2551 0.1681 -0.9522 1.2500 9.5000
-15.2036 97.5521 -23.6484 0.3738 0.2011 -0.9054 1.2500 9.7500
-12.1999 97.5521 -22.1704 0.4863 0.2323 -0.8423 1.2500 10.0000
-9.4181 97.5521 -20.3081 0.5886 0.2605 -0.7653 1.2500 10.2500
-6.9017 97.5521 -18.0983 0.6778 0.2851 -0.6778 1.2500 10.5000
-4.6919 97.5521 -15.5819 0.7546 0.3062 -0.5804 1.2500 10.7500
-2.8296 97.5521 -12.8001 0.8193 0.3240 -0.4730 1.2500 11.0000
-1.3516 97.5521 -9.7964 0.8700 0.3379 -0.3592 1.2500 11.2500
-0.2773 97.5521 -6.6244 0.9057 0.3476 -0.2427 1.2500 11.5000
0.3783 97.5521 -3.3403 0.9273 0.3535 -0.1232 1.2500 11.7500
-6.3155 115.4167 0.0000 0.9313 0.3643 0.0000 1.5000 0.0000
-6.5208 115.4167 3.0903 0.9239 0.3623 0.1227 1.5000 0.2500
-7.1273 115.4167 6.1287 0.9024 0.3566 0.2418 1.5000 0.5000
-8.1212 115.4167 9.0633 0.8668 0.3472 0.3579 1.5000 0.7500
-9.4886 115.4167 11.8423 0.8163 0.3339 0.4713 1.5000 1.0000
-11.2115 115.4167 14.4159 0.7518 0.3168 0.5783 1.5000 1.2500
-13.2560 115.4167 16.7440 0.6753 0.2964 0.6753 1.5000 1.5000
-15.5841 115.4167 18.7885 0.5866 0.2727 0.7626 1.5000 1.7500
-18.1577 115.4167 20.5114 0.4847 0.2455 0.8395 1.5000 2.0000
-20.9367 115.4167 21.8788 0.3726 0.2154 0.9026 1.5000 2.2500
-23.8713 115.4167 22.8727 0.2544 0.1835 0.9495 1.5000 2.5000
-26.9097 115.4167 23.4792 0.1302 0.1499 0.9801 1.5000 2.7500
-30.0000 115.4167 23.6845 -0.0000 0.1145 0.9934 1.5000 3.0000
-33.0903 115.4167 23.4792 -0.1313 0.0787 0.9882 1.5000 3.2500
-36.1287 115.4167 22.8727 -0.2586 0.0438 0.9650 1.5000 3.5000
-39.0633 115.4167 21.8788 -0.3816 0.0100 0.9243 1.5000 3.7500
-41.8423 115.4167 20.5114 -0.4999 -0.0226 0.8658 1.5000 4.0000
-44.4159 115.4167 18.7885 -0.6088 -0.0528 0.7915 1.5000 4.2500
-46.7440 115.4167 16.7440 -0.7049 -0.0795 0.7049 1.5000 4.5000
-48.7885 115.4167 14.4159 -0.7884 -0.1028 0.6065 1.5000 4.7500
-50.5114 115.4167 11.8423 -0.8595 -0.1227 0.4962 1.5000 5.0000
-51.8788 115.4167 9.0633 -0.9154 -0.1384 0.3779 1.5000 5.2500
-52.8727 115.4167 6.1287 -0.9551 -0.1495 0.2559 1.5000 5.5000
-53.4792 115.4167 3.0903 -0.9791 -0.1562 0.1301 1.5000 5.7500
-53.6845 115.4167 0.0000 -0.9874 -0.1585 -0.0000 1.5000 6.0000
-53.4792 115.4167 -3.0903 -0.9791 -0.1562 -0.1301 1.5000 6.2500
-52.8727 115.4167 -6.1287 -0.9551 -0.1495 -0.2559 1.5000 6.5000
-51.8788 115.4167 -9.0633 -0.9154 -0.1384 -0.3779 1.5000 6.7500
-50.5114 115.4167 -11.8423 -0.8595 -0.1227 -0.4962 1.5000 7.0000
-48.7885 115.4167 -14.4159 -0.7884 -0.1028 -0.6065 1.5000 7.2500
-46.7440 115.4167 -16.7440 -0.7049 -0.0795 -0.7049 1.5000 7.5000
-44.4159 115.4167 -18.7885 -0.6088 -0.0528 -0.7915 1.5000 7.7500
-41.8423 115.4167 -20.5114 -0.4999 -0.0226 -0.8658 1.5000 8.0000
-39.0633 115.4167 -21.8788 -0.3816 0.0100 -0.9243 1.5000 8.2500
-36.1287 115.4167 -22.8727 -0.2586 0.0438 -0.9650 1.5000 8.5000
-33.0903 115.4167 -23.4792 -0.1313 0.0787 -0.9882 1.5000 8.7500
-30.0000 115.4167 -23.6845 0.0000 0.1145 -0.9934 1.5000 9.0000
-26.9097 115.4167 -23.4792 0.1302 0.1499 -0.9801 1.5000 9.2500
-23.8713 115.4167 -22.8727 0.2544 0.1835 -0.9495 1.5000 9.5000
-20.9367 115.4167 -21.8788 0.3726 0.2154 -0.9026 1.5000 9.7500
-18.1577 115.4167 -20.5114 0.4847 0.2455 -0.8395 1.5000 10.0000
-15.5841 115.4167 -18.7885 0.5866 0.2727 -0.7626 1.5000 10.2500
-13.2560 115.4167 -16.7440 0.6753 0.2964 -0.6753 1.5000 10.5000
-11.2115 115.4167 -14.4159 0.7518 0.3168 -0.5783 1.5000 10.7500
-9.4886 115.4167 -11.8423 0.8163 0.3339 -0.4713 1.5000 11.0000
-8.1212 115.4167 -9.0633 0.8668 0.3472 -0.3579 1.5000 11.2500
-7.1273 115.4167 -6.1287 0.9024 0.3566 -0.2418 1.5000 11.5000
-6.5208 115.4167 -3.0903 0.9239 0.3623 -0.1227 1.5000 11.7500
-13.5297 133.9063 0.0000 0.9326 0.3608 0.0000 1.7500 0.0000
-13.7158 133.9063 2.8014 0.9252 0.3589 0.1229 1.7500 0.2500
-14.2656 133.9063 5.5558 0.9036 0.3534 0.2421 1.7500 0.5000
-15.1666 133.9063 8.2160 0.8678 0.3444 0.3583 1.7500 0.7500
-16.4062 133.9063 10.7352 0.8170 0.3315 0.4717 1.7500 1.0000
-17.9680 133.9063 13.0682 0.7523 0.3151 0.5786 1.7500 1.2500
-19.8214 133.9063 15.1786 0.6755 0.2955 0.6755 1.7500 1.5000
-21.9318 133.9063 17.0320 0.5866 0.2728 0.7626 1.7500 1.7500
-24.2648 133.9063 18.5938 0.4845 0.2467 0.8393 1.7500 2.0000
-26.7840 133.9063 19.8334 0.3724 0.2179 0.9021 1.7500 2.2500
-29.4442 133.9063 20.7344 0.2542 0.1874 0.9488 1.7500 2.5000
-32.1986 133.9063 21.2842 0.1301 0.1553 0.9793 1.7500 2.7500
-35.0000 133.9063 21.4703 -0.0000 0.1215 0.9926 1.7500 3.0000
-37.8014 133.9063 21.2842 -0.1312 0.0872 0.9875 1.7500 3.2500
-40.5558 133.9063 20.7344 -0.2584 0.0538 0.9645 1.7500 3.5000
-43.2160 133.9063 19.8334 -0.3815 0.0214 0.9241 1.7500 3.7500
-45.7352 133.9063 18.5938 -0.5000 -0.0099 0.8660 1.7500 4.0000
-48.0682 133.9063 17.0320 -0.6092 -0.0388 0.7920 1.7500 4.2500
-50.1786 133.9063 15.1786 -0.7056 -0.0645 0.7056 1.7500 4.5000
-52.0320 133.9063 13.0682 -0.7896 -0.0869 0.6074 1.7500 4.7500
-53.5938 133.9063 10.7352 -0.8611 -0.1061 0.4972 1.7500 5.0000
-54.8334 133.9063 8.2160 -0.9175 -0.1212 0.3788 1.7500 5.2500
-55.7344 133.9063 5.5558 -0.9575 -0.1319 0.2566 1.7500 5.5000
-56.2842 133.9063 2.8014 -0.9817 -0.1384 0.1304 1.7500 5.7500
-56.4703 133.9063 0.0000 -0.9901 -0.1407 -0.0000 1.7500 6.0000
-56.2842 133.9063 -2.8014 -0.9817 -0.1384 -0.1304 1.7500 6.2500
-55.7344 133.9063 -5.5558 -0.9575 -0.1319 -0.2566 1.7500 6.5000
-54.8334 133.9063 -8.2160 -0.9175 -0.1212 -0.3788 1.7500 6.7500
-53.5938 133.9063 -10.7352 -0.8611 -0.1061 -0.4972 1.7500 7.0000
-52.0320 133.9063 -13.0682 -0.7896 -0.0869 -0.6074 1.7500 7.2500
-50.1786 133.9063 -15.1786 -0.7056 -0.0645 -0.7056 1.7500 7.5000
-48.0682 133.9063 -17.0320 -0.6092 -0.0388 -0.7920 1.7500 7.7500
-45.7352 133.9063 -18.5938 -0.5000 -0.0099 -0.8660 1.7500 8.0000
-43.2160 133.9063 -19.8334 -0.3815 0.0214 -0.9241 1.7500 8.2500
-40.5558 133.9063 -20.7344 -0.2584 0.0538 -0.9645 1.7500 8.5000
-37.8014 133.9063 -21.2842 -0.1312 0.0872 -0.9875 1.7500 8.7500
-35.0000 133.9063 -21.4703 0.0000 0.1215 -0.9926 1.7500 9.0000
-32.1986 133.9063 -21.2842 0.1301 0.1553 -0.9793 1.7500 9.2500
-29.4442 133.9063 -20.7344 0.2542 0.1874 -0.9488 1.7500 9.5000
-26.7840 133.9063 -19.8334 0.3724 0.2179 -0.9021 1.7500 9.7500
-24.2648 133.9063 -18.5938 0.4845 0.2467 -0.8392 1.7500 10.0000
-21.9318 133.9063 -17.0320 0.5866 0.2728 -0.7626 1.7500 10.2500
-19.8214 133.9063 -15.1786 0.6755 0.2955 -0.6755 1.7500 10.5000
-17.9680 133.9063 -13.0682 0.7523 0.3151 -0.5786 1.7500 10.7500
-16.4062 133.9063 -10.7352 0.8170 0.3315 -0.4717 1.7500 11.0000
-15.1666 133.9063 -8.2160 0.8678 0.3444 -0.3583 1.7500 11.2500
-14.2656 133.9063 -5.5558 0.9036 0.3534 -0.2421 1.7500 11.5000
-13.7158 133.9063 -2.8014 0.9252 0.3589 -0.1229 1.7500 11.7500
658
0 1 48
1 49 48
1 2 49
2 50 49
2 3 50
3 51 50
3 4 51
4 52 51
4 5 52
5 53 52
5 6 53
6 54 53
6 7 54
7 55 54
7 8 55
8 56 55
8 9 56
9 57 56
9 10 57
10 58 57
10 11 58
11 59 58
11 12 59
12 60 59
12 13 60
13 61 60
13 14 61
14 62 61
14 15 62
15 63 62
15 16 63
16 64 63
16 17 64
17 65 64
17 18 65
18 66 65
18 19 66
19 67 66
19 20 67
20 68 67
20 21 68
21 69 68
21 22 69
22 70 69
22 23 70
23 71 70
23 24 71
24 72 71
24 25 72
25 73 72
25 26 73
26 74 73
26 27 74
27 75 74
27 28 75
28 76 75
28 29 76
29 77 76
29 30 77
30 78 77
30 31 78
31 79 78
31 32 79
32 80 79
32 33 80
33 81 80
33 34 81
34 82 81
34 35 82
35 83 82
35 36 83
36 84 83
36 37 84
37 85 84
37 38 85
38 86 85
38 39 86
39 87 86
39 40 87
40 88 87
40 41 88
41 89 88
41 42 89
42 90 89
42 43 90
43 91 90
43 44 91
44 92 91
44 45 92
45 93 92
45 46 93
46 94 93
46 47 94
47 95 94
48 49 96
49 97 96
49 50 97
50 98 97
50 51 98
51 99 98
51 52 99
52 100 99
52 53 100
53 101 100
53 54 101
54 102 101
54 55 102
55 103 102
55 56 103
56 104 103
56 57 104
57 105 104
57 58 105
58 106 105
58 59 106
59 107 106
59 60 107
60 108 107
60 61 108
61 109 108
61 62 109
62 110 109
62 63 110
63 111 110
63 64 111
64 112 111
64 65 112
65 113 112
65 66 113
66 114 113
66 67 114
67 115 114
67 68 115
68 116 115
68 69 116
69 117 116
69 70 117
70 118 117
70 71 118
71 119 118
71 72 119
72 120 119
72 73 120
73 121 120
73 74 121
74 122 121
74 75 122
75 123 122
75 76 123
76 124 123
76 77 124
77 125 124
77 78 125
78 126 125
78 79 126
79 127 126
79 80 127
80 128 127
80 81 128
81 129 128
81 82 129
82 130 129
82 83 130
83 131 130
83 84 131
84 132 131
84 85 132
85 133 132
85 86 133
86 134 133
86 87 134
87 135 134
87 88 135
88 136 135
88 89 136
89 137 136
89 90 137
90 138 137
90 91 138
91 139 138
91 92 139
92 140 139
92 93 140
93 141 140
93 94 141
94 142 141
94 95 142
95 143 142
96 97 144
97 145 144
97 98 145
98 146 145
98 99 146
99 147 146
99 100 147
100 148 147
100 101 148
101 149 148
101 102 149
102 150 149
102 103 150
103 151 150
103 104 151
104 152 151
104 105 152
105 153 152
105 106 153
106 154 153
106 107 154
107 155 154
107 108 155
108 156 155
108 109 156
109 157 156
109 110 157
110 158 157
110 111 158
111 159 158
111 112 159
112 160 159
112 113 160
113 161 160
113 114 161
114 162 161
114 115 162
115 163 162
115 116 163
116 164 163
116 117 164
117 165 164
117 118 165
118 166 165
118 119 166
119 167 166
119 120 167
120 168 167
120 121 168
121 169 168
121 122 169
122 170 169
122 123 170
123 171 170
123 124 171
124 172 171
124 125 172
125 173 172
125 126 173
126 174 173
126 127 174
127 175 174
127 128 175
128 176 175
128 129 176
129 177 176
129 130 177
130 178 177
130 131 178
131 179 178
131 132 179
132 180 179
132 133 180
133 181 180
133 134 181
134 182 181
134 135 182
135 183 182
135 136 183
136 184 183
136 137 184
137 185 184
137 138 185
138 186 185
138 139 186
139 187 186
139 140 187
140 188 187
140 141 188
141 189 188
141 142 189
142 190 189
142 143 190
143 191 190
144 145 192
145 193 192
145 146 193
146 194 193
146 147 194
147 195 194
147 148 195
148 196 195
148 149 196
149 197 196
149 150 197
150 198 197
150 151 198
151 199 198
151 152 199
152 200 199
152 153 200
153 201 200
153 154 201
154 202 201
154 155 202
155 203 202
155 156 203
156 204 203
156 157 204
157 205 204
157 158 205
158 206 205
158 159 206
159 207 206
159 160 207
160 208 207
160 161 208
161 209 208
161 162 209
162 210 209
162 163 210
163 211 210
163 164 211
164 212 211
164 165 212
165 213 212
165 166 213
166 214 213
166 167 214
167 215 214
167 168 215
168 216 215
168 169 216
169 217 216
169 170 217
170 218 217
170 171 218
171 219 218
171 172 219
172 220 219
172 173 220
173 221 220
173 174 221
174 222 221
174 175 222
175 223 222
175 176 223
176 224 223
176 177 224
177 225 224
177 178 225
178 226 225
178 179 226
179 227 226
179 180 227
180 228 227
180 181 228
181 229 228
181 182 229
182 230 229
182 183 230
183 231 230
183 184 231
184 232 231
184 185 232
185 233 232
185 186 233
186 234 233
186 187 234
187 235 234
187 188 235
188 236 235
188 189 236
189 237 236
189 190 237
190 238 237
190 191 238
191 239 238
192 193 240
193 241 240
193 194 241
194 242 241
194 195 242
195 243 242
195 196 243
196 244 243
196 197 244
197 245 244
197 198 245
198 246 245
198 199 246
199 247 246
199 200 247
200 248 247
200 201 248
201 249 248
201 202 249
202 250 249
202 203 250
203 251 250
203 204 251
204 252 251
204 205 252
205 253 252
205 206 253
206 254 253
206 207 254
207 255 254
207 208 255
208 256 255
208 209 256
209 257 256
209 210 257
210 258 257
210 211 258
211 259 258
211 212 259
212 260 259
212 213 260
213 261 260
213 214 261
214 262 261
214 215 262
215 263 262
215 216 263
216 264 263
216 217 264
217 265 264
217 218 265
218 266 265
218 219 266
219 267 266
219 220 267
220 268 267
220 221 268
221 269 268
221 222 269
222 270 269
222 223 270
223 271 270
223 224 271
224 272 271
224 225 272
225 273 272
225 226 273
226 274 273
226 227 274
227 275 274
227 228 275
228 276 275
228 229 276
229 277 276
229 230 277
230 278 277
230 231 278
231 279 278
231 232 279
232 280 279
232 233 280
233 281 280
233 234 281
234 282 281
234 235 282
235 283 282
235 236 283
236 284 283
236 237 284
237 285 284
237 238 285
238 286 285
238 239 286
239 287 286
240 241 288
241 289 288
241 242 289
242 290 289
242 243 290
243 291 290
243 244 291
244 292 291
244 245 292
245 293 292
245 246 293
246 294 293
246 247 294
247 295 294
247 248 295
248 296 295
248 249 296
249 297 296
249 250 297
250 298 297
250 251 298
251 299 298
251 252 299
252 300 299
252 253 300
253 301 300
253 254 301
254 302 301
254 255 302
255 303 302
255 256 303
256 304 303
256 257 304
257 305 304
257 258 305
258 306 305
258 259 306
259 307 306
259 260 307
260 308 307
260 261 308
261 309 308
261 262 309
262 310 309
262 263 310
263 311 310
263 264 311
264 312 311
264 265 312
265 313 312
265 266 313
266 314 313
266 267 314
267 315 314
267 268 315
268 316 315
268 269 316
269 317 316
269 270 317
270 318 317
270 271 318
271 319 318
271 272 319
272 320 319
272 273 320
273 321 320
273 274 321
274 322 321
274 275 322
275 323 322
275 276 323
276 324 323
276 277 324
277 325 324
277 278 325
278 326 325
278 279 326
279 327 326
279 280 327
280 328 327
280 281 328
281 329 328
281 282 329
282 330 329
282 283 330
283 331 330
283 284 331
284 332 331
284 285 332
285 333 332
285 286 333
286 334 333
286 287 334
287 335 334
288 289 336
289 337 336
289 290 337
290 338 337
290 291 338
291 339 338
291 292 339
292 340 339
292 293 340
293 341 340
293 294 341
294 342 341
294 295 342
295 343 342
295 296 343
296 344 343
296 297 344
297 345 344
297 298 345
298 346 345
298 299 346
299 347 346
299 300 347
300 348 347
300 301 348
301 349 348
301 302 349
302 350 349
302 303 350
303 351 350
303 304 351
304 352 351
304 305 352
305 353 352
305 306 353
306 354 353
306 307 354
307 355 354
307 308 355
308 356 355
308 309 356
309 357 356
309 310 357
310 358 357
310 311 358
311 359 358
311 312 359
312 360 359
312 313 360
313 361 360
313 314 361
314 362 361
314 315 362
315 363 362
315 316 363
316 364 363
316 317 364
317 365 364
317 318 365
318 366 365
318 319 366
319 367 366
319 320 367
320 368 367
320 321 368
321 369 368
321 322 369
322 370 369
322 323 370
323 371 370
323 324 371
324 372 371
324 325 372
325 373 372
325 326 373
326 374 373
326 327 374
327 375 374
327 328 375
328 376 375
328 329 376
329 377 376
329 330 377
330 378 377
330 331 378
331 379 378
331 332 379
332 380 379
332 333 380
333 381 380
333 334 381
334 382 381
334 335 382
335 383 382
